Number:876
0.31466666666666665
1.7173333333333334
2.056
2.7653333333333334
3.1386666666666665
3.248
3.466666666666667
4.192
5.136
6.005333333333334
7.056
8.093333333333334
9.181333333333333
10.312
11.216
14.16
12.141333333333334
13.112
14.424
11.061333333333334
11.586666666666666
12.394666666666666
13.261333333333333
14.458666666666666
4.8373333333333335
5.325333333333333
0.7786666666666666
7.093333333333334
8.650666666666666
8.256
8.394666666666666
8.906666666666666
9.186666666666667
9.349333333333334
9.837333333333333
10.768
10.650666666666666
10.674666666666667
10.394666666666666
10.093333333333334
11.744
11.581333333333333
12.744
12.813333333333333
12.768
13.069333333333333
13.232
14.581333333333333
14.0
14.813333333333333
14.162666666666667
2.8133333333333335
3.232
3.8133333333333335
4.394666666666667
4.557333333333333
5.1386666666666665
5.976
6.72
6.301333333333333
7.557333333333333
7.232
0.2986666666666667
0.952
3.1146666666666665
4.626666666666667
4.208
4.952
5.696
5.370666666666667
5.208
6.208
6.1146666666666665
7.952
7.464
8.557333333333334
8.464
2.568
8.533333333333333
8.882666666666667
9.882666666666667
9.346666666666666
9.696
9.208
8.952
10.021333333333333
9.021333333333333
9.976
9.114666666666666
11.114666666666666
12.882666666666667
12.021333333333333
12.858666666666666
0.3466666666666667
13.858666666666666
13.114666666666666
13.602666666666666
1.3466666666666667
14.208
14.72
14.858666666666666
2.0906666666666665
3.0906666666666665
8.578666666666667
5.834666666666666
6.672
6.0906666666666665
6.928
6.834666666666666
7.928
7.021333333333334
3.544
3.288
0.5973333333333334
0.5653333333333334
0.21066666666666667
0.20266666666666666
0.5733333333333334
0.824
0.92
3.7413333333333334
3.904
3.16
4.16
4.741333333333333
5.578666666666667
7.578666666666667
7.229333333333333
1.1013333333333333
8.090666666666667
8.253333333333334
8.392
8.928
8.904
2.3573333333333335
2.264
3.264
0.6186666666666667
3.52
10.648
10.090666666666667
9.16
9.416
11.997333333333334
12.253333333333334
12.136
12.392
0.7173333333333334
13.717333333333332
14.253333333333334
14.648
14.810666666666666
2.136
3.461333333333333
3.136
4.205333333333333
4.810666666666667
5.461333333333333
5.973333333333334
6.392
6.88
7.205333333333333
7.554666666666667
1.496
1.0773333333333333
3.496
3.3333333333333335
0.13866666666666666
0.15466666666666667
0.4533333333333333
2.437333333333333
4.368
4.181333333333333
5.437333333333333
5.786666666666667
5.181333333333333
6.112
0.12266666666666666
6.368
7.018666666666666
7.949333333333334
8.274666666666667
8.88
8.088
9.88
9.344
9.925333333333333
9.669333333333332
10.949333333333334
10.506666666666666
10.344
11.274666666666667
11.949333333333334
12.530666666666667
12.274666666666667
1.6693333333333333
14.506666666666666
14.042666666666667
14.344
14.786666666666667
14.6
4.506666666666667
5.344
5.832
6.832
6.413333333333333
6.994666666666666
7.576
7.669333333333333
2.448
2.2853333333333334
3.8666666666666667
0.792
1.0826666666666667
1.4933333333333334
1.0746666666666667
1.1306666666666667
1.5253333333333334
0.752
1.0186666666666666
1.1946666666666668
0.43733333333333335
1.0906666666666667
2.482666666666667
1.064
3.808
4.552
4.808
4.970666666666666
5.970666666666666
6.482666666666667
6.645333333333333
7.226666666666667
8.389333333333333
8.250666666666667
2.8426666666666667
2.005333333333333
8.458666666666666
9.157333333333334
9.389333333333333
3.424
9.413333333333334
8.226666666666667
10.901333333333334
10.808
10.645333333333333
10.413333333333334
10.064
11.576
11.32
11.901333333333334
10.832
11.133333333333333
12.808
12.133333333333333
12.250666666666667
0.6213333333333333
13.994666666666667
13.482666666666667
13.250666666666667
14.832
14.808
14.296
2.6213333333333333
4.714666666666667
4.2026666666666666
5.365333333333333
6.365333333333333
6.714666666666667
1.016
2.5973333333333333
2.76
2.8533333333333335
4.690666666666667
4.597333333333333
5.597333333333333
5.341333333333333
5.690666666666667
6.109333333333334
6.8533333333333335
7.341333333333333
1.2133333333333334
8.272
8.085333333333333
9.690666666666667
9.853333333333333
9.016
0.8933333333333333
10.946666666666667
10.341333333333333
11.946666666666667
11.272
11.085333333333333
11.784
11.853333333333333
12.248
12.109333333333334
12.76
12.504
13.085333333333333
13.76
13.365333333333334
13.853333333333333
1.5733333333333333
14.202666666666667
13.109333333333334
13.202666666666667
13.690666666666667
2.5733333333333333
2.248
3.5733333333333333
4.573333333333333
5.317333333333333
5.248
5.666666666666667
7.573333333333333
1.7706666666666666
1.1893333333333334
1.7066666666666668
1.8693333333333333
0.576
0.31733333333333336
0.8986666666666666
0.30933333333333335
0.6
8.213333333333333
1.968
2.424
2.8053333333333335
4.386666666666667
1.4853333333333334
5.8053333333333335
5.48
5.968
6.642666666666667
6.293333333333333
6.874666666666666
7.061333333333334
7.224
8.224
8.874666666666666
2.7466666666666666
8.386666666666667
8.642666666666667
9.549333333333333
9.992
9.898666666666667
9.386666666666667
9.2
10.898666666666667
10.317333333333334
9.224
10.805333333333333
9.154666666666667
11.456
11.968
11.992
11.130666666666666
11.898666666666667
12.642666666666667
12.130666666666666
12.549333333333333
0.944
13.805333333333333
13.48
1.7813333333333334
14.805333333333333
14.224
14.037333333333333
14.549333333333333
3.525333333333333
4.688
4.850666666666666
4.944
5.781333333333333
5.688
5.850666666666666
5.2
6.362666666666667
7.688
1.7226666666666666
3.1413333333333333
1.8213333333333332
5.176
5.757333333333333
5.594666666666667
6.664
6.082666666666666
8.570666666666666
8.269333333333334
2.28
9.850666666666667
9.92
3.9546666666666668
9.338666666666667
3.536
10.106666666666667
10.594666666666667
10.92
10.338666666666667
10.013333333333334
2.8373333333333335
11.944
11.269333333333334
11.245333333333333
11.757333333333333
12.269333333333334
12.501333333333333
12.757333333333333
12.432
11.594666666666667
13.688
13.570666666666666
13.245333333333333
13.594666666666667
14.432
14.688
14.082666666666666
14.269333333333334
3.7333333333333334
4.058666666666666
4.989333333333334
4.733333333333333
5.477333333333333
5.733333333333333
7.221333333333333
7.477333333333333
1.512
7.826666666666667
7.989333333333334
1.0933333333333333
7.570666666666667
2.256
3.512
0.17333333333333334
1.1973333333333334
2.3333333333333335
2.2613333333333334
2.296
3.941333333333333
1.528
1.7306666666666666
3.1493333333333333
3.2773333333333334
3.0853333333333333
3.736
3.328
1.7093333333333334
2.453333333333333
3.2906666666666666
3.546666666666667
5.802666666666667
5.453333333333333
6.290666666666667
6.872
6.616
7.802666666666667
7.965333333333334
7.197333333333333
8.64
8.872
8.104
9.221333333333334
9.685333333333332
9.384
10.314666666666668
10.802666666666667
10.64
10.941333333333333
10.058666666666667
11.36
11.941333333333333
12.872
12.314666666666668
12.290666666666667
0.13333333333333333
12.546666666666667
13.546666666666667
13.802666666666667
13.685333333333332
13.128
1.2666666666666666
14.034666666666666
14.522666666666666
14.685333333333332
2.429333333333333
3.848
3.2666666666666666
4.685333333333333
1.2026666666666668
5.592
5.173333333333333
5.848
5.778666666666667
6.010666666666666
6.266666666666667
7.941333333333334
1.8826666666666667
8.573333333333334
2.0453333333333332
0.432
9.664
2.824
2.498666666666667
4.986666666666666
4.568
1.76
4.242666666666667
4.824
5.242666666666667
12.101333333333333
6.661333333333333
8.08
8.917333333333334
9.429333333333334
9.754666666666667
9.730666666666666
10.754666666666667
10.08
10.336
11.986666666666666
11.312
11.266666666666667
11.08
11.730666666666666
12.754666666666667
11.848
13.242666666666667
13.848
13.592
13.266666666666667
13.824
14.429333333333334
14.173333333333334
14.242666666666667
4.730666666666667
4.544
5.474666666666667
6.381333333333333
6.149333333333334
7.474666666666667
1.8346666666666667
2.8346666666666667
0.344
0.7466666666666667
0.6906666666666667
1.032
2.1946666666666665
4.357333333333333
4.776
4.706666666666667
4.1946666666666665
4.52
5.450666666666667
6.613333333333333
6.288
6.357333333333333
0.8106666666666666
7.1946666666666665
7.032
8.450666666666667
8.637333333333334
8.52
9.426666666666666
9.544
9.218666666666667
9.869333333333334
10.008
10.381333333333334
10.8
11.125333333333334
11.264
11.706666666666667
11.845333333333333
11.544
12.426666666666666
12.125333333333334
12.776
12.544
12.264
13.613333333333333
13.8
13.125333333333334
13.288
13.381333333333334
14.194666666666667
14.682666666666666
13.845333333333333
13.544
2.4266666666666667
2.752
14.264
4.426666666666667
4.682666666666667
5.589333333333333
5.8453333333333335
6.682666666666667
6.101333333333334
6.008
7.101333333333334
1.7866666666666666
0.312
0.296
0.304
4.1466666666666665
4.984
4.8213333333333335
6.1466666666666665
7.565333333333333
7.309333333333333
8.890666666666666
8.472
8.216
2.6
8.496
9.752
9.821333333333333
9.402666666666667
8.402666666666667
8.589333333333334
10.565333333333333
10.333333333333334
10.634666666666666
10.309333333333333
10.496
11.565333333333333
11.728
11.24
11.589333333333334
11.989333333333333
12.890666666666666
12.496
12.146666666666667
13.077333333333334
13.821333333333333
8.957333333333333
13.378666666666666
14.821333333333333
2.7973333333333334
4.541333333333333
4.216
5.96
6.704
6.378666666666667
0.15733333333333333
7.96
7.704
7.472
7.541333333333333
2.576
3.1573333333333333
3.7386666666666666
3.4133333333333336
3.576
0.6026666666666667
1.192
0.3546666666666667
1.0213333333333334
1.8053333333333332
1.4906666666666666
1.0133333333333334
1.7973333333333332
1.208
1.6986666666666668
1.3546666666666667
3.7733333333333334
4.773333333333333
4.68
4.842666666666666
5.936
5.517333333333333
5.192
5.773333333333333
6.842666666666666
7.68
7.936
8.448
8.098666666666666
8.261333333333333
9.448
9.005333333333333
9.842666666666666
3.1333333333333333
9.424
11.704
11.842666666666666
11.354666666666667
11.261333333333333
11.122666666666667
12.541333333333334
12.261333333333333
12.610666666666667
12.773333333333333
14.285333333333334
14.773333333333333
14.517333333333333
14.122666666666667
2.493333333333333
2.7493333333333334
4.424
4.074666666666666
5.656
5.168
7.074666666666666
2.272
3.1093333333333333
1.7253333333333334
3.469333333333333
3.3066666666666666
4.981333333333334
4.4
1.824
4.725333333333333
5.306666666666667
5.469333333333333
5.213333333333333
5.4
6.144
6.632
6.888
7.981333333333334
7.213333333333333
8.237333333333334
8.4
8.632
8.888
8.656
9.376
9.050666666666666
9.213333333333333
3.9226666666666667
3.3413333333333335
10.794666666666666
10.632
10.074666666666667
11.701333333333332
11.725333333333333
12.376
12.237333333333334
12.562666666666667
12.632
12.538666666666666
13.818666666666667
13.376
13.562666666666667
13.074666666666667
13.794666666666666
14.794666666666666
14.538666666666666
14.050666666666666
14.562666666666667
2.445333333333333
14.4
14.818666666666667
3.2826666666666666
3.538666666666667
12.802666666666667
4.189333333333333
4.957333333333334
4.538666666666667
6.864
6.376
7.957333333333334
7.026666666666666
7.538666666666667
0.5786666666666667
0.45866666666666667
0.128
0.43466666666666665
0.8133333333333334
0.7493333333333333
0.7413333333333333
0.136
2.2586666666666666
2.096
3.84
0.776
4.514666666666667
4.352
5.584
5.84
8.909333333333333
2.2933333333333334
9.864
9.258666666666667
3.2933333333333334
10.002666666666666
1.5546666666666666
11.933333333333334
11.002666666666666
11.072
11.328
12.258666666666667
12.514666666666667
12.864
13.421333333333333
13.096
13.282666666666668
13.584
14.258666666666667
14.096
14.352
14.445333333333334
2.490666666666667
14.189333333333334
14.584
4.978666666666666
5.328
5.165333333333334
6.816
6.490666666666667
6.397333333333333
7.072
1.2693333333333334
2.8506666666666667
2.5946666666666665
3.432
0.37866666666666665
1.2106666666666666
2.6293333333333333
2.792
3.792
4.536
4.373333333333333
4.048
1.728
5.210666666666667
5.141333333333334
5.373333333333333
5.629333333333333
6.629333333333333
6.304
0.8266666666666667
6.536
7.466666666666667
8.210666666666667
8.885333333333334
8.978666666666667
2.8266666666666667
8.722666666666667
9.722666666666667
8.56
3.8266666666666667
9.885333333333334
10.629333333333333
10.373333333333333
10.653333333333334
10.954666666666666
10.536
11.304
11.117333333333333
11.722666666666667
12.373333333333333
12.792
13.816
13.234666666666667
13.536
13.698666666666666
1.4426666666666668
14.816
14.56
14.442666666666666
13.373333333333333
14.536
14.792
3.8613333333333335
0.704
4.349333333333333
4.512
4.698666666666667
5.024
5.768
7.024
1.384
2.64
3.965333333333333
